n=[19.34 1.308e04 2.86e06 2.222e08 6.282e09 3.396e10 8.311e10 6.226e11 2.709e12 3.858e12 1.137e12 7.963e10 1.996e09 1.66e07 2.15e-07 5.266e-13 4.355e-22]
d=[1  676.1 1.52e05 1.359e07 6.151e08 7.152e09 2.451e10 9.105e10 7.134e11 1.546e12 5.254e11 1.349e11 3.119e10 2.135e09 5.336e07 4.438e05 1.391e-06+ 1.139e-08 5.14e-22]